              precision    recall  f1-score   support

           0     1.0000    1.0000    1.0000        10
           1     1.0000    0.8333    0.9091         6
           2     1.0000    1.0000    1.0000        10
           3     1.0000    1.0000    1.0000         5
           4     0.8889    1.0000    0.9412         8
           5     1.0000    1.0000    1.0000        26
           6     0.9091    1.0000    0.9524        10
           7     1.0000    1.0000    1.0000        37
           8     1.0000    0.9444    0.9714        18
           9     1.0000    1.0000    1.0000        20
          10     0.9600    1.0000    0.9796        24
          11     1.0000    0.9286    0.9630        14
          12     1.0000    1.0000    1.0000        18
          13     1.0000    1.0000    1.0000        18

    accuracy                         0.9866       224
   macro avg     0.9827    0.9790    0.9798       224
weighted avg     0.9877    0.9866    0.9865       224
