              precision    recall  f1-score   support

           0     0.6667    0.6000    0.6316        10
           1     1.0000    0.2000    0.3333         5
           2     0.5000    0.7273    0.5926        11
           3     0.7500    0.5000    0.6000         6
           4     0.8000    1.0000    0.8889         8
           5     0.8571    0.9231    0.8889        26
           6     0.7273    0.7273    0.7273        11
           7     0.8158    0.8611    0.8378        36
           8     0.9091    0.5556    0.6897        18
           9     0.8000    0.8000    0.8000        20
          10     0.8947    0.7083    0.7907        24
          11     0.8000    0.9231    0.8571        13
          12     0.6400    0.8421    0.7273        19
          13     0.6471    0.6471    0.6471        17

    accuracy                         0.7634       224
   macro avg     0.7720    0.7153    0.7152       224
weighted avg     0.7818    0.7634    0.7582       224
