              precision    recall  f1-score   support

           0     0.0000    0.0000    0.0000        10
           1     0.0000    0.0000    0.0000         5
           2     0.0000    0.0000    0.0000        11
           3     0.0000    0.0000    0.0000         6
           4     0.0000    0.0000    0.0000         8
           5     0.0000    0.0000    0.0000        26
           6     0.0000    0.0000    0.0000        10
           7     0.1607    1.0000    0.2769        36
           8     0.0000    0.0000    0.0000        18
           9     0.0000    0.0000    0.0000        20
          10     0.0000    0.0000    0.0000        24
          11     0.0000    0.0000    0.0000        13
          12     0.0000    0.0000    0.0000        19
          13     0.0000    0.0000    0.0000        18

    accuracy                         0.1607       224
   macro avg     0.0115    0.0714    0.0198       224
weighted avg     0.0258    0.1607    0.0445       224
