              precision    recall  f1-score   support

           0     1.0000    0.9091    0.9524        11
           1     0.7143    1.0000    0.8333         5
           2     0.8333    0.9091    0.8696        11
           3     0.8571    1.0000    0.9231         6
           4     1.0000    1.0000    1.0000         7
           5     0.9615    1.0000    0.9804        25
           6     1.0000    0.7273    0.8421        11
           7     0.9730    1.0000    0.9863        36
           8     0.8947    0.9444    0.9189        18
           9     0.9500    0.9500    0.9500        20
          10     1.0000    1.0000    1.0000        24
          11     1.0000    1.0000    1.0000        14
          12     1.0000    0.8333    0.9091        18
          13     1.0000    1.0000    1.0000        17

    accuracy                         0.9452       223
   macro avg     0.9417    0.9481    0.9404       223
weighted avg     0.9599    0.9552    0.9548       223
