              precision    recall  f1-score   support

           0     0.7000    0.6364    0.6667        11
           1     0.5000    0.2000    0.2857         5
           2     0.6000    0.5455    0.5714        11
           3     0.4545    0.8333    0.5882         6
           4     0.5714    0.5714    0.5714         7
           5     0.6765    0.9200    0.7797        25
           6     0.7000    0.6364    0.6667        11
           7     0.9143    0.8889    0.9014        36
           8     0.7391    0.9444    0.8293        18
           9     0.8000    0.8000    0.8000        20
          10     0.7692    0.8333    0.8000        24
          11     0.9286    0.9286    0.9286        14
          12     0.6250    0.2778    0.3846        18
          13     0.6923    0.5294    0.6000        17

    accuracy                         0.7399       223
   macro avg     0.6908    0.6818    0.6695       223
weighted avg     0.7392    0.7399    0.7269       223
