              precision    recall  f1-score   support

           0     1.0000    1.0000    1.0000        10
           1     0.8571    1.0000    0.9231         6
           2     1.0000    1.0000    1.0000        10
           3     1.0000    1.0000    1.0000         5
           4     1.0000    1.0000    1.0000         8
           5     1.0000    0.9615    0.9804        26
           6     1.0000    1.0000    1.0000        10
           7     1.0000    0.9730    0.9863        37
           8     0.9444    0.9444    0.9444        18
           9     0.9500    0.9500    0.9500        20
          10     0.9600    1.0000    0.9796        24
          11     1.0000    0.9286    0.9630        14
          12     0.9474    1.0000    0.9730        18
          13     1.0000    1.0000    1.0000        18

    accuracy                         0.9777       224
   macro avg     0.9756    0.9827    0.9786       224
weighted avg     0.9787    0.9777    0.9778       224
