              precision    recall  f1-score   support

           0     1.0000    0.9091    0.9524        11
           1     0.6667    0.8000    0.7273         5
           2     0.8333    0.9091    0.8696        11
           3     0.8571    1.0000    0.9231         6
           4     1.0000    1.0000    1.0000         7
           5     0.9615    1.0000    0.9804        25
           6     1.0000    0.8182    0.9000        11
           7     1.0000    0.9722    0.9859        36
           8     1.0000    0.9444    0.9714        18
           9     0.9500    0.9500    0.9500        20
          10     0.9231    1.0000    0.9600        24
          11     0.9333    1.0000    0.9655        14
          12     1.0000    0.8333    0.9091        18
          13     0.8889    0.9412    0.9143        17

    accuracy                         0.9462       223
   macro avg     0.9296    0.9341    0.9292       223
weighted avg     0.9507    0.9462    0.9465       223
