              precision    recall  f1-score   support

           0     1.0000    0.9091    0.9524        11
           1     0.8333    1.0000    0.9091         5
           2     1.0000    0.8182    0.9000        11
           3     0.8571    1.0000    0.9231         6
           4     0.8571    0.8571    0.8571         7
           5     0.8621    1.0000    0.9259        25
           6     1.0000    0.8182    0.9000        11
           7     0.9231    1.0000    0.9600        36
           8     0.9444    0.9444    0.9444        18
           9     0.9500    0.9500    0.9500        20
          10     1.0000    1.0000    1.0000        24
          11     1.0000    1.0000    1.0000        14
          12     1.0000    0.7222    0.8387        18
          13     0.9444    1.0000    0.9714        17

    accuracy                         0.9417       223
   macro avg     0.9408    0.9299    0.9309       223
weighted avg     0.9469    0.9417    0.9403       223
