              precision    recall  f1-score   support

           0     1.0000    1.0000    1.0000        11
           1     0.8000    0.8000    0.8000         5
           2     0.9091    0.9091    0.9091        11
           3     0.7500    1.0000    0.8571         6
           4     1.0000    1.0000    1.0000         7
           5     0.9615    1.0000    0.9804        25
           6     1.0000    0.8182    0.9000        11
           7     0.9730    1.0000    0.9863        36
           8     0.9444    0.9444    0.9444        18
           9     0.9474    0.9000    0.9231        20
          10     0.9231    1.0000    0.9600        24
          11     1.0000    1.0000    1.0000        14
          12     1.0000    0.8889    0.9412        18
          13     0.9375    0.8824    0.9091        17

    accuracy                         0.9507       223
   macro avg     0.9390    0.9388    0.9365       223
weighted avg     0.9534    0.9507    0.9505       223
