              precision    recall  f1-score   support

           0     1.0000    1.0000    1.0000        10
           1     1.0000    0.2000    0.3333         5
           2     1.0000    1.0000    1.0000        11
           3     0.6000    1.0000    0.7500         6
           4     1.0000    1.0000    1.0000         8
           5     1.0000    1.0000    1.0000        26
           6     1.0000    1.0000    1.0000        10
           7     1.0000    0.9722    0.9859        36
           8     0.9474    1.0000    0.9730        18
           9     0.9524    1.0000    0.9756        20
          10     1.0000    1.0000    1.0000        24
          11     1.0000    1.0000    1.0000        13
          12     1.0000    1.0000    1.0000        19
          13     1.0000    0.9444    0.9714        18

    accuracy                         0.9732       224
   macro avg     0.9643    0.9369    0.9278       224
weighted avg     0.9808    0.9732    0.9695       224
