              precision    recall  f1-score   support

           0     1.0000    1.0000    1.0000        10
           1     1.0000    1.0000    1.0000         5
           2     1.0000    1.0000    1.0000        11
           3     1.0000    1.0000    1.0000         6
           4     1.0000    1.0000    1.0000         8
           5     1.0000    1.0000    1.0000        26
           6     1.0000    1.0000    1.0000        11
           7     1.0000    0.9722    0.9859        36
           8     1.0000    0.8889    0.9412        18
           9     1.0000    1.0000    1.0000        20
          10     1.0000    1.0000    1.0000        24
          11     1.0000    1.0000    1.0000        13
          12     0.9000    0.9474    0.9231        19
          13     0.8947    1.0000    0.9444        17

    accuracy                         0.9821       224
   macro avg     0.9853    0.9863    0.9853       224
weighted avg     0.9835    0.9821    0.9823       224
