              precision    recall  f1-score   support

           0     1.0000    0.9091    0.9524        11
           1     0.8333    1.0000    0.9091         5
           2     0.8333    0.9091    0.8696        11
           3     1.0000    1.0000    1.0000         6
           4     0.8750    1.0000    0.9333         7
           5     0.9615    1.0000    0.9804        25
           6     1.0000    0.8182    0.9000        11
           7     0.9722    0.9722    0.9722        36
           8     0.8095    0.9444    0.8718        18
           9     0.9444    0.8500    0.8947        20
          10     0.9600    1.0000    0.9796        24
          11     0.9333    1.0000    0.9655        14
          12     1.0000    0.8333    0.9091        18
          13     1.0000    0.9412    0.9697        17

    accuracy                         0.9417       223
   macro avg     0.9373    0.9413    0.9362       223
weighted avg     0.9465    0.9417    0.9417       223
