              precision    recall  f1-score   support

           0     1.0000    0.9000    0.9474        10
           1     1.0000    0.8333    0.9091         6
           2     1.0000    1.0000    1.0000        10
           3     1.0000    1.0000    1.0000         5
           4     1.0000    0.8750    0.9333         8
           5     1.0000    0.9615    0.9804        26
           6     0.7692    1.0000    0.8696        10
           7     0.9722    0.9459    0.9589        37
           8     0.9444    0.9444    0.9444        18
           9     0.8696    1.0000    0.9302        20
          10     0.9600    1.0000    0.9796        24
          11     1.0000    0.7857    0.8800        14
          12     0.9474    1.0000    0.9730        18
          13     0.9444    0.9444    0.9444        18

    accuracy                         0.9509       224
   macro avg     0.9577    0.9422    0.9465       224
weighted avg     0.9560    0.9509    0.9509       224
