              precision    recall  f1-score   support

           0     1.0000    0.8000    0.8889        10
           1     0.8333    1.0000    0.9091         5
           2     0.8462    1.0000    0.9167        11
           3     1.0000    0.8333    0.9091         6
           4     1.0000    1.0000    1.0000         8
           5     0.9630    1.0000    0.9811        26
           6     1.0000    1.0000    1.0000        10
           7     0.9722    0.9722    0.9722        36
           8     1.0000    1.0000    1.0000        18
           9     1.0000    1.0000    1.0000        20
          10     1.0000    0.9583    0.9787        24
          11     1.0000    1.0000    1.0000        13
          12     1.0000    1.0000    1.0000        19
          13     1.0000    1.0000    1.0000        18

    accuracy                         0.9777       224
   macro avg     0.9725    0.9688    0.9683       224
weighted avg     0.9800    0.9777    0.9775       224
