              precision    recall  f1-score   support

           0     1.0000    1.0000    1.0000        10
           1     0.8333    1.0000    0.9091         5
           2     1.0000    1.0000    1.0000        11
           3     1.0000    0.8333    0.9091         6
           4     1.0000    1.0000    1.0000         8
           5     1.0000    1.0000    1.0000        26
           6     1.0000    1.0000    1.0000        10
           7     0.9730    1.0000    0.9863        36
           8     1.0000    0.9444    0.9714        18
           9     1.0000    0.9000    0.9474        20
          10     0.9200    0.9583    0.9388        24
          11     1.0000    1.0000    1.0000        13
          12     1.0000    0.9474    0.9730        19
          13     0.9000    1.0000    0.9474        18

    accuracy                         0.9732       224
   macro avg     0.9733    0.9702    0.9702       224
weighted avg     0.9753    0.9732    0.9733       224
