              precision    recall  f1-score   support

           0     1.0000    1.0000    1.0000        10
           1     1.0000    1.0000    1.0000         6
           2     1.0000    1.0000    1.0000        10
           3     1.0000    1.0000    1.0000         5
           4     1.0000    1.0000    1.0000         8
           5     1.0000    1.0000    1.0000        26
           6     0.9091    1.0000    0.9524        10
           7     0.9722    0.9459    0.9589        37
           8     0.9444    0.9444    0.9444        18
           9     0.9500    0.9500    0.9500        20
          10     0.9583    0.9583    0.9583        24
          11     1.0000    0.9286    0.9630        14
          12     1.0000    1.0000    1.0000        18
          13     0.9474    1.0000    0.9730        18

    accuracy                         0.9732       224
   macro avg     0.9772    0.9805    0.9786       224
weighted avg     0.9737    0.9732    0.9732       224
