              precision    recall  f1-score   support

           0     0.9000    0.9000    0.9000        10
           1     1.0000    0.8333    0.9091         6
           2     0.9000    0.9000    0.9000        10
           3     0.8571    1.0000    0.9231         6
           4     1.0000    1.0000    1.0000         8
           5     1.0000    1.0000    1.0000        26
           6     1.0000    1.0000    1.0000        10
           7     1.0000    1.0000    1.0000        36
           8     0.9474    1.0000    0.9730        18
           9     1.0000    0.9000    0.9474        20
          10     1.0000    1.0000    1.0000        25
          11     1.0000    1.0000    1.0000        14
          12     1.0000    1.0000    1.0000        18
          13     0.9444    1.0000    0.9714        17

    accuracy                         0.9777       224
   macro avg     0.9678    0.9667    0.9660       224
weighted avg     0.9788    0.9777    0.9775       224
