              precision    recall  f1-score   support

           0     1.0000    0.9000    0.9474        10
           1     0.8000    0.8000    0.8000         5
           2     0.9167    1.0000    0.9565        11
           3     0.8333    0.8333    0.8333         6
           4     1.0000    1.0000    1.0000         8
           5     0.9615    0.9615    0.9615        26
           6     1.0000    1.0000    1.0000        10
           7     0.9722    0.9722    0.9722        36
           8     1.0000    1.0000    1.0000        18
           9     1.0000    1.0000    1.0000        20
          10     0.9583    0.9583    0.9583        24
          11     1.0000    1.0000    1.0000        13
          12     1.0000    1.0000    1.0000        19
          13     1.0000    1.0000    1.0000        18

    accuracy                         0.9732       224
   macro avg     0.9601    0.9590    0.9592       224
weighted avg     0.9736    0.9732    0.9732       224
