              precision    recall  f1-score   support

           0     1.0000    0.9000    0.9474        10
           1     1.0000    0.5000    0.6667         6
           2     0.8333    1.0000    0.9091        10
           3     0.6250    1.0000    0.7692         5
           4     1.0000    1.0000    1.0000         8
           5     0.9615    0.9615    0.9615        26
           6     0.9091    1.0000    0.9524        10
           7     0.9730    0.9730    0.9730        37
           8     0.8947    0.9444    0.9189        18
           9     0.9474    0.9000    0.9231        20
          10     0.9600    1.0000    0.9796        24
          11     1.0000    0.8571    0.9231        14
          12     1.0000    1.0000    1.0000        18
          13     1.0000    0.9444    0.9714        18

    accuracy                         0.9464       224
   macro avg     0.9360    0.9272    0.9211       224
weighted avg     0.9538    0.9464    0.9458       224
