              precision    recall  f1-score   support

           0     1.0000    1.0000    1.0000        10
           1     1.0000    0.6000    0.7500         5
           2     1.0000    1.0000    1.0000        11
           3     0.7500    1.0000    0.8571         6
           4     1.0000    1.0000    1.0000         8
           5     1.0000    1.0000    1.0000        26
           6     1.0000    1.0000    1.0000        10
           7     1.0000    0.9722    0.9859        36
           8     1.0000    1.0000    1.0000        18
           9     0.9524    1.0000    0.9756        20
          10     1.0000    1.0000    1.0000        24
          11     1.0000    1.0000    1.0000        13
          12     1.0000    1.0000    1.0000        19
          13     1.0000    1.0000    1.0000        18

    accuracy                         0.9866       224
   macro avg     0.9787    0.9694    0.9692       224
weighted avg     0.9891    0.9866    0.9862       224
