              precision    recall  f1-score   support

           0     1.0000    1.0000    1.0000        10
           1     1.0000    1.0000    1.0000         6
           2     1.0000    1.0000    1.0000        10
           3     1.0000    1.0000    1.0000         5
           4     1.0000    1.0000    1.0000         8
           5     1.0000    1.0000    1.0000        26
           6     1.0000    1.0000    1.0000        10
           7     1.0000    1.0000    1.0000        37
           8     0.9000    1.0000    0.9474        18
           9     1.0000    0.9000    0.9474        20
          10     1.0000    1.0000    1.0000        24
          11     1.0000    1.0000    1.0000        14
          12     1.0000    1.0000    1.0000        18
          13     1.0000    1.0000    1.0000        18

    accuracy                         0.9811       224
   macro avg     0.9929    0.9929    0.9925       224
weighted avg     0.9920    0.9911    0.9911       224
