              precision    recall  f1-score   support

           0     0.7500    0.6000    0.6667        10
           1     0.8000    0.6667    0.7273         6
           2     0.6364    0.7000    0.6667        10
           3     0.6250    0.8333    0.7143         6
           4     1.0000    0.8750    0.9333         8
           5     1.0000    0.8846    0.9388        26
           6     1.0000    1.0000    1.0000        10
           7     0.9688    0.8611    0.9118        36
           8     0.8667    0.7222    0.7879        18
           9     0.6552    0.9500    0.7755        20
          10     0.9615    1.0000    0.9804        25
          11     0.9333    1.0000    0.9655        14
          12     0.7826    1.0000    0.8780        18
          13     1.0000    0.7059    0.8276        17

    accuracy                         0.8661       224
   macro avg     0.8557    0.8428    0.8410       224
weighted avg     0.8848    0.8661    0.8673       224
