              precision    recall  f1-score   support

           0     0.8333    1.0000    0.9091        10
           1     1.0000    0.8000    0.8889         5
           2     1.0000    0.9091    0.9524        11
           3     0.8571    1.0000    0.9231         6
           4     1.0000    1.0000    1.0000         8
           5     1.0000    0.9231    0.9600        26
           6     1.0000    0.9091    0.9524        11
           7     0.9730    1.0000    0.9863        36
           8     0.9412    0.8889    0.9143        18
           9     1.0000    1.0000    1.0000        20
          10     1.0000    1.0000    1.0000        24
          11     1.0000    1.0000    1.0000        13
          12     0.8571    0.9474    0.9000        19
          13     1.0000    1.0000    1.0000        17

    accuracy                         0.9643       224
   macro avg     0.9616    0.9555    0.9562       224
weighted avg     0.9675    0.9643    0.9645       224
