              precision    recall  f1-score   support

           0     1.0000    1.0000    1.0000        10
           1     1.0000    1.0000    1.0000         5
           2     1.0000    1.0000    1.0000        11
           3     1.0000    1.0000    1.0000         6
           4     0.8889    1.0000    0.9412         8
           5     1.0000    0.9615    0.9804        26
           6     1.0000    1.0000    1.0000        11
           7     0.9722    0.9722    0.9722        36
           8     1.0000    0.8889    0.9412        18
           9     1.0000    1.0000    1.0000        20
          10     1.0000    1.0000    1.0000        24
          11     1.0000    1.0000    1.0000        13
          12     0.9500    1.0000    0.9744        19
          13     0.9444    1.0000    0.9714        17

    accuracy                         0.9821       224
   macro avg     0.9825    0.9873    0.9843       224
weighted avg     0.9831    0.9821    0.9821       224
