              precision    recall  f1-score   support

           0     1.0000    0.9000    0.9474        10
           1     1.0000    1.0000    1.0000         5
           2     0.9167    1.0000    0.9565        11
           3     1.0000    1.0000    1.0000         6
           4     1.0000    1.0000    1.0000         8
           5     0.8667    1.0000    0.9286        26
           6     1.0000    1.0000    1.0000        10
           7     1.0000    0.8889    0.9412        36
           8     0.9474    1.0000    0.9730        18
           9     1.0000    0.9000    0.9474        20
          10     1.0000    1.0000    1.0000        24
          11     1.0000    1.0000    1.0000        13
          12     1.0000    1.0000    1.0000        19
          13     0.9474    1.0000    0.9730        18

    accuracy                         0.9688       224
   macro avg     0.9770    0.9778    0.9762       224
weighted avg     0.9720    0.9688    0.9687       224
