              precision    recall  f1-score   support

           0     0.9091    1.0000    0.9524        10
           1     0.8333    0.8333    0.8333         6
           2     1.0000    1.0000    1.0000        10
           3     0.8333    1.0000    0.9091         5
           4     1.0000    1.0000    1.0000         8
           5     1.0000    1.0000    1.0000        26
           6     0.9091    1.0000    0.9524        10
           7     0.9730    0.9730    0.9730        37
           8     1.0000    0.9444    0.9714        18
           9     0.9500    0.9500    0.9500        20
          10     0.9583    0.9583    0.9583        24
          11     1.0000    0.9286    0.9630        14
          12     1.0000    1.0000    1.0000        18
          13     1.0000    0.9444    0.9714        18

    accuracy                         0.9688       224
   macro avg     0.9547    0.9666    0.9596       224
weighted avg     0.9703    0.9688    0.9690       224
