              precision    recall  f1-score   support

           0     1.0000    1.0000    1.0000        10
           1     0.8571    1.0000    0.9231         6
           2     0.9091    1.0000    0.9524        10
           3     1.0000    0.8000    0.8889         5
           4     1.0000    1.0000    1.0000         8
           5     1.0000    1.0000    1.0000        26
           6     0.9091    1.0000    0.9524        10
           7     1.0000    0.9730    0.9863        37
           8     1.0000    1.0000    1.0000        18
           9     0.9524    1.0000    0.9756        20
          10     1.0000    1.0000    1.0000        24
          11     1.0000    0.9286    0.9630        14
          12     1.0000    1.0000    1.0000        18
          13     1.0000    0.9444    0.9714        18

    accuracy                         0.9721       224
   macro avg     0.9734    0.9747    0.9724       224
weighted avg     0.9838    0.9821    0.9822       224
