              precision    recall  f1-score   support

           0     1.0000    0.8182    0.9000        11
           1     1.0000    1.0000    1.0000         5
           2     0.8333    0.9091    0.8696        11
           3     0.8571    1.0000    0.9231         6
           4     1.0000    1.0000    1.0000         7
           5     0.9600    0.9600    0.9600        25
           6     0.9000    0.8182    0.8571        11
           7     0.9722    0.9722    0.9722        36
           8     0.7727    0.9444    0.8500        18
           9     0.9444    0.8500    0.8947        20
          10     0.9600    1.0000    0.9796        24
          11     0.9333    1.0000    0.9655        14
          12     1.0000    0.8333    0.9091        18
          13     0.8824    0.8824    0.8824        17

    accuracy                         0.9283       223
   macro avg     0.9297    0.9277    0.9259       223
weighted avg     0.9332    0.9283    0.9283       223
