              precision    recall  f1-score   support

           0     1.0000    0.9091    0.9524        11
           1     1.0000    1.0000    1.0000         5
           2     0.8333    0.9091    0.8696        11
           3     0.8571    1.0000    0.9231         6
           4     0.8750    1.0000    0.9333         7
           5     0.9259    1.0000    0.9615        25
           6     1.0000    0.9091    0.9524        11
           7     1.0000    1.0000    1.0000        36
           8     1.0000    0.9444    0.9714        18
           9     0.9500    0.9500    0.9500        20
          10     1.0000    1.0000    1.0000        24
          11     1.0000    1.0000    1.0000        14
          12     1.0000    0.8889    0.9412        18
          13     1.0000    1.0000    1.0000        17

    accuracy                         0.9686       223
   macro avg     0.9601    0.9650    0.9611       223
weighted avg     0.9712    0.9686    0.9689       223
