              precision    recall  f1-score   support

           0     0.9091    1.0000    0.9524        10
           1     1.0000    0.8333    0.9091         6
           2     1.0000    0.9000    0.9474        10
           3     0.8571    1.0000    0.9231         6
           4     1.0000    1.0000    1.0000         8
           5     1.0000    0.9615    0.9804        26
           6     1.0000    1.0000    1.0000        10
           7     1.0000    1.0000    1.0000        36
           8     0.9000    1.0000    0.9474        18
           9     1.0000    0.9500    0.9744        20
          10     0.9615    1.0000    0.9804        25
          11     1.0000    1.0000    1.0000        14
          12     1.0000    1.0000    1.0000        18
          13     1.0000    0.9412    0.9697        17

    accuracy                         0.9777       224
   macro avg     0.9734    0.9704    0.9703       224
weighted avg     0.9798    0.9777    0.9777       224
