              precision    recall  f1-score   support

           0     0.0000    0.0000    0.0000        11
           1     0.0000    0.0000    0.0000         5
           2     0.0000    0.0000    0.0000        11
           3     0.0000    0.0000    0.0000         6
           4     0.0000    0.0000    0.0000         7
           5     0.0000    0.0000    0.0000        25
           6     0.0000    0.0000    0.0000        11
           7     0.1614    1.0000    0.2780        36
           8     0.0000    0.0000    0.0000        18
           9     0.0000    0.0000    0.0000        20
          10     0.0000    0.0000    0.0000        24
          11     0.0000    0.0000    0.0000        14
          12     0.0000    0.0000    0.0000        18
          13     0.0000    0.0000    0.0000        17

    accuracy                         0.1614       223
   macro avg     0.0115    0.0714    0.0199       223
weighted avg     0.0261    0.1614    0.0449       223
