              precision    recall  f1-score   support

           0     1.0000    0.9091    0.9524        11
           1     1.0000    1.0000    1.0000         5
           2     0.8333    0.9091    0.8696        11
           3     0.8571    1.0000    0.9231         6
           4     0.8750    1.0000    0.9333         7
           5     0.9259    1.0000    0.9615        25
           6     1.0000    0.8182    0.9000        11
           7     0.9730    1.0000    0.9863        36
           8     0.9444    0.9444    0.9444        18
           9     0.8636    0.9500    0.9048        20
          10     0.9231    1.0000    0.9600        24
          11     1.0000    1.0000    1.0000        14
          12     1.0000    0.8333    0.9091        18
          13     1.0000    0.7647    0.8667        17

    accuracy                         0.9417       223
   macro avg     0.9425    0.9378    0.9365       223
weighted avg     0.9464    0.9417    0.9408       223
