              precision    recall  f1-score   support

           0     1.0000    0.8000    0.8889        10
           1     1.0000    0.8333    0.9091         6
           2     0.8333    1.0000    0.9091        10
           3     0.7143    1.0000    0.8333         5
           4     1.0000    1.0000    1.0000         8
           5     1.0000    1.0000    1.0000        26
           6     0.9091    1.0000    0.9524        10
           7     1.0000    1.0000    1.0000        37
           8     1.0000    0.9444    0.9714        18
           9     0.9524    1.0000    0.9756        20
          10     0.9600    1.0000    0.9796        24
          11     1.0000    0.9286    0.9630        14
          12     1.0000    1.0000    1.0000        18
          13     1.0000    0.8889    0.9412        18

    accuracy                         0.9688       224
   macro avg     0.9549    0.9568    0.9517       224
weighted avg     0.9736    0.9688    0.9690       224
