              precision    recall  f1-score   support

           0     0.9091    1.0000    0.9524        10
           1     1.0000    0.8000    0.8889         5
           2     1.0000    1.0000    1.0000        11
           3     0.8571    1.0000    0.9231         6
           4     1.0000    1.0000    1.0000         8
           5     1.0000    1.0000    1.0000        26
           6     1.0000    1.0000    1.0000        10
           7     1.0000    1.0000    1.0000        36
           8     1.0000    0.9444    0.9714        18
           9     1.0000    1.0000    1.0000        20
          10     1.0000    1.0000    1.0000        24
          11     1.0000    1.0000    1.0000        13
          12     1.0000    1.0000    1.0000        19
          13     1.0000    1.0000    1.0000        18

    accuracy                         0.9911       224
   macro avg     0.9833    0.9817    0.9811       224
weighted avg     0.9921    0.9911    0.9910       224
