              precision    recall  f1-score   support

           0     1.0000    0.9091    0.9524        11
           1     1.0000    1.0000    1.0000         5
           2     0.9091    0.9091    0.9091        11
           3     0.7500    1.0000    0.8571         6
           4     1.0000    1.0000    1.0000         7
           5     0.9615    1.0000    0.9804        25
           6     1.0000    0.8182    0.9000        11
           7     1.0000    0.9722    0.9859        36
           8     0.8947    0.9444    0.9189        18
           9     0.9500    0.9500    0.9500        20
          10     1.0000    1.0000    1.0000        24
          11     0.9333    1.0000    0.9655        14
          12     1.0000    0.8889    0.9412        18
          13     0.9444    1.0000    0.9714        17

    accuracy                         0.9496       223
   macro avg     0.9531    0.9566    0.9523       223
weighted avg     0.9631    0.9596    0.9598       223
