              precision    recall  f1-score   support

           0     0.8333    1.0000    0.9091        10
           1     1.0000    1.0000    1.0000         5
           2     1.0000    0.9091    0.9524        11
           3     1.0000    1.0000    1.0000         6
           4     1.0000    1.0000    1.0000         8
           5     1.0000    0.9615    0.9804        26
           6     1.0000    1.0000    1.0000        11
           7     0.9730    1.0000    0.9863        36
           8     1.0000    0.8333    0.9091        18
           9     1.0000    1.0000    1.0000        20
          10     1.0000    1.0000    1.0000        24
          11     1.0000    1.0000    1.0000        13
          12     0.9048    1.0000    0.9500        19
          13     1.0000    1.0000    1.0000        17

    accuracy                         0.9777       224
   macro avg     0.9794    0.9789    0.9777       224
weighted avg     0.9801    0.9777    0.9776       224
