              precision    recall  f1-score   support

           0     0.3333    0.4000    0.3636        10
           1     0.7500    0.6000    0.6667         5
           2     0.4167    0.4545    0.4348        11
           3     0.5556    0.8333    0.6667         6
           4     0.8333    0.6250    0.7143         8
           5     0.7857    0.8462    0.8148        26
           6     0.8182    0.9000    0.8571        10
           7     0.9643    0.7500    0.8438        36
           8     0.8571    0.6667    0.7500        18
           9     0.7143    0.5000    0.5882        20
          10     0.6667    0.8333    0.7407        24
          11     0.9286    1.0000    0.9630        13
          12     0.5455    0.6316    0.5854        19
          13     0.6500    0.7222    0.6842        18

    accuracy                         0.7143       224
   macro avg     0.7014    0.6973    0.6909       224
weighted avg     0.7359    0.7143    0.7170       224
