              precision    recall  f1-score   support

           0     1.0000    1.0000    1.0000        10
           1     1.0000    1.0000    1.0000         5
           2     0.9167    1.0000    0.9565        11
           3     1.0000    1.0000    1.0000         6
           4     0.8889    1.0000    0.9412         8
           5     1.0000    0.9615    0.9804        26
           6     1.0000    1.0000    1.0000        11
           7     0.9722    0.9722    0.9722        36
           8     1.0000    0.8889    0.9412        18
           9     1.0000    1.0000    1.0000        20
          10     0.9600    1.0000    0.9796        24
          11     1.0000    1.0000    1.0000        13
          12     0.9000    0.9474    0.9231        19
          13     1.0000    0.9412    0.9697        17

    accuracy                         0.9732       224
   macro avg     0.9741    0.9794    0.9760       224
weighted avg     0.9747    0.9732    0.9733       224
