              precision    recall  f1-score   support

           0     1.0000    0.9091    0.9524        11
           1     0.7143    1.0000    0.8333         5
           2     0.8333    0.9091    0.8696        11
           3     1.0000    1.0000    1.0000         6
           4     1.0000    1.0000    1.0000         7
           5     0.9615    1.0000    0.9804        25
           6     1.0000    0.8182    0.9000        11
           7     1.0000    0.9722    0.9859        36
           8     0.8500    0.9444    0.8947        18
           9     0.9474    0.9000    0.9231        20
          10     1.0000    1.0000    1.0000        24
          11     0.9333    1.0000    0.9655        14
          12     1.0000    0.8889    0.9412        18
          13     1.0000    1.0000    1.0000        17

    accuracy                         0.9552       223
   macro avg     0.9457    0.9530    0.9461       223
weighted avg     0.9600    0.9552    0.9558       223
