              precision    recall  f1-score   support

           0     1.0000    1.0000    1.0000        10
           1     1.0000    1.0000    1.0000         5
           2     1.0000    1.0000    1.0000        11
           3     1.0000    1.0000    1.0000         6
           4     1.0000    1.0000    1.0000         8
           5     1.0000    1.0000    1.0000        26
           6     1.0000    1.0000    1.0000        11
           7     1.0000    1.0000    1.0000        36
           8     1.0000    0.8889    0.9412        18
           9     1.0000    1.0000    1.0000        20
          10     1.0000    1.0000    1.0000        24
          11     1.0000    1.0000    1.0000        13
          12     0.9048    1.0000    0.9500        19
          13     1.0000    1.0000    1.0000        17

    accuracy                         0.9811       224
   macro avg     0.9932    0.9921    0.9922       224
weighted avg     0.9919    0.9911    0.9910       224
