              precision    recall  f1-score   support

           0     1.0000    1.0000    1.0000        10
           1     0.8000    0.8000    0.8000         5
           2     1.0000    1.0000    1.0000        11
           3     0.8571    1.0000    0.9231         6
           4     0.8889    1.0000    0.9412         8
           5     0.9615    0.9615    0.9615        26
           6     1.0000    1.0000    1.0000        11
           7     0.9429    0.9167    0.9296        36
           8     1.0000    0.8333    0.9091        18
           9     1.0000    0.9500    0.9744        20
          10     0.9600    1.0000    0.9796        24
          11     1.0000    1.0000    1.0000        13
          12     0.8889    0.8421    0.8649        19
          13     0.8500    1.0000    0.9189        17

    accuracy                         0.9464       224
   macro avg     0.9392    0.9503    0.9430       224
weighted avg     0.9490    0.9464    0.9462       224
