              precision    recall  f1-score   support

           0     1.0000    1.0000    1.0000        10
           1     1.0000    1.0000    1.0000         5
           2     1.0000    1.0000    1.0000        11
           3     1.0000    1.0000    1.0000         6
           4     1.0000    1.0000    1.0000         8
           5     1.0000    1.0000    1.0000        26
           6     1.0000    1.0000    1.0000        10
           7     1.0000    1.0000    1.0000        36
           8     1.0000    1.0000    1.0000        18
           9     1.0000    1.0000    1.0000        20
          10     1.0000    1.0000    1.0000        24
          11     1.0000    1.0000    1.0000        13
          12     1.0000    1.0000    1.0000        19
          13     1.0000    1.0000    1.0000        18

    accuracy                         0.9900       224
   macro avg     1.0000    1.0000    1.0000       224
weighted avg     1.0000    1.0000    1.0000       224
