              precision    recall  f1-score   support

           0     1.0000    0.9000    0.9474        10
           1     0.5714    0.8000    0.6667         5
           2     0.9167    1.0000    0.9565        11
           3     0.8333    0.8333    0.8333         6
           4     1.0000    1.0000    1.0000         8
           5     1.0000    0.9231    0.9600        26
           6     1.0000    1.0000    1.0000        11
           7     0.9714    0.9444    0.9577        36
           8     1.0000    0.8889    0.9412        18
           9     1.0000    1.0000    1.0000        20
          10     1.0000    1.0000    1.0000        24
          11     1.0000    1.0000    1.0000        13
          12     0.8182    0.9474    0.8780        19
          13     0.9412    0.9412    0.9412        17

    accuracy                         0.9509       224
   macro avg     0.9323    0.9413    0.9344       224
weighted avg     0.9574    0.9509    0.9526       224
