              precision    recall  f1-score   support

           0     1.0000    1.0000    1.0000        10
           1     1.0000    0.8333    0.9091         6
           2     0.9091    1.0000    0.9524        10
           3     0.8571    1.0000    0.9231         6
           4     1.0000    0.8750    0.9333         8
           5     1.0000    1.0000    1.0000        26
           6     1.0000    1.0000    1.0000        10
           7     1.0000    0.9722    0.9859        36
           8     0.9474    1.0000    0.9730        18
           9     1.0000    0.9500    0.9744        20
          10     1.0000    1.0000    1.0000        25
          11     1.0000    1.0000    1.0000        14
          12     1.0000    1.0000    1.0000        18
          13     0.9444    1.0000    0.9714        17

    accuracy                         0.9821       224
   macro avg     0.9756    0.9736    0.9730       224
weighted avg     0.9837    0.9821    0.9821       224
