              precision    recall  f1-score   support

           0     1.0000    1.0000    1.0000        10
           1     1.0000    1.0000    1.0000         5
           2     1.0000    1.0000    1.0000        11
           3     1.0000    1.0000    1.0000         6
           4     1.0000    1.0000    1.0000         8
           5     1.0000    1.0000    1.0000        26
           6     1.0000    1.0000    1.0000        10
           7     0.9730    1.0000    0.9863        36
           8     1.0000    1.0000    1.0000        18
           9     1.0000    1.0000    1.0000        20
          10     1.0000    0.9583    0.9787        24
          11     1.0000    1.0000    1.0000        13
          12     0.9474    0.9474    0.9474        19
          13     0.9444    0.9444    0.9444        18

    accuracy                         0.9866       224
   macro avg     0.9903    0.9893    0.9898       224
weighted avg     0.9867    0.9866    0.9866       224
