              precision    recall  f1-score   support

           0     1.0000    0.9091    0.9524        11
           1     0.5714    0.8000    0.6667         5
           2     1.0000    0.9091    0.9524        11
           3     0.8571    1.0000    0.9231         6
           4     1.0000    1.0000    1.0000         7
           5     1.0000    1.0000    1.0000        25
           6     1.0000    0.8182    0.9000        11
           7     0.9730    1.0000    0.9863        36
           8     0.8947    0.9444    0.9189        18
           9     0.9524    1.0000    0.9756        20
          10     1.0000    1.0000    1.0000        24
          11     1.0000    1.0000    1.0000        14
          12     1.0000    0.8333    0.9091        18
          13     0.9444    1.0000    0.9714        17

    accuracy                         0.9596       223
   macro avg     0.9424    0.9439    0.9397       223
weighted avg     0.9652    0.9596    0.9604       223
