              precision    recall  f1-score   support

           0     0.8889    0.8000    0.8421        10
           1     1.0000    0.8333    0.9091         6
           2     0.9000    0.9000    0.9000        10
           3     0.7500    1.0000    0.8571         6
           4     1.0000    0.8750    0.9333         8
           5     1.0000    1.0000    1.0000        26
           6     1.0000    1.0000    1.0000        10
           7     1.0000    1.0000    1.0000        36
           8     1.0000    0.9444    0.9714        18
           9     0.9048    0.9500    0.9268        20
          10     1.0000    1.0000    1.0000        25
          11     1.0000    1.0000    1.0000        14
          12     1.0000    1.0000    1.0000        18
          13     0.9444    1.0000    0.9714        17

    accuracy                         0.9688       224
   macro avg     0.9563    0.9502    0.9508       224
weighted avg     0.9712    0.9688    0.9688       224
