              precision    recall  f1-score   support

           0     0.8333    1.0000    0.9091        10
           1     1.0000    0.8333    0.9091         6
           2     0.8889    0.8000    0.8421        10
           3     0.8571    1.0000    0.9231         6
           4     1.0000    0.8750    0.9333         8
           5     1.0000    0.9615    0.9804        26
           6     0.9091    1.0000    0.9524        10
           7     1.0000    0.9722    0.9859        36
           8     1.0000    0.8889    0.9412        18
           9     0.9000    0.9000    0.9000        20
          10     0.9259    1.0000    0.9615        25
          11     1.0000    0.9286    0.9630        14
          12     1.0000    1.0000    1.0000        18
          13     0.8947    1.0000    0.9444        17

    accuracy                         0.9509       224
   macro avg     0.9435    0.9400    0.9390       224
weighted avg     0.9545    0.9509    0.9509       224
