              precision    recall  f1-score   support

           0     1.0000    1.0000    1.0000        11
           1     0.8333    1.0000    0.9091         5
           2     0.9091    0.9091    0.9091        11
           3     1.0000    1.0000    1.0000         6
           4     1.0000    1.0000    1.0000         7
           5     0.9259    1.0000    0.9615        25
           6     1.0000    0.8182    0.9000        11
           7     0.9459    0.9722    0.9589        36
           8     0.9444    0.9444    0.9444        18
           9     0.8636    0.9500    0.9048        20
          10     1.0000    1.0000    1.0000        24
          11     1.0000    1.0000    1.0000        14
          12     1.0000    0.8333    0.9091        18
          13     1.0000    0.9412    0.9697        17

    accuracy                         0.9552       223
   macro avg     0.9587    0.9549    0.9548       223
weighted avg     0.9580    0.9552    0.9549       223
