              precision    recall  f1-score   support

           0     1.0000    1.0000    1.0000        10
           1     1.0000    0.4000    0.5714         5
           2     1.0000    1.0000    1.0000        11
           3     0.7143    0.8333    0.7692         6
           4     0.8889    1.0000    0.9412         8
           5     1.0000    0.9615    0.9804        26
           6     1.0000    1.0000    1.0000        10
           7     0.9429    0.9167    0.9296        36
           8     0.9000    1.0000    0.9474        18
           9     0.9524    1.0000    0.9756        20
          10     0.8846    0.9583    0.9200        24
          11     1.0000    1.0000    1.0000        13
          12     0.9048    1.0000    0.9500        19
          13     1.0000    0.7778    0.8750        18

    accuracy                         0.9420       224
   macro avg     0.9420    0.9177    0.9186       224
weighted avg     0.9465    0.9420    0.9393       224
