              precision    recall  f1-score   support

           0     0.9091    1.0000    0.9524        10
           1     1.0000    1.0000    1.0000         5
           2     1.0000    0.9091    0.9524        11
           3     1.0000    1.0000    1.0000         6
           4     1.0000    1.0000    1.0000         8
           5     1.0000    0.9615    0.9804        26
           6     1.0000    1.0000    1.0000        11
           7     0.9730    1.0000    0.9863        36
           8     1.0000    0.9444    0.9714        18
           9     1.0000    1.0000    1.0000        20
          10     1.0000    1.0000    1.0000        24
          11     1.0000    1.0000    1.0000        13
          12     0.9500    1.0000    0.9744        19
          13     1.0000    1.0000    1.0000        17

    accuracy                         0.9866       224
   macro avg     0.9880    0.9868    0.9869       224
weighted avg     0.9874    0.9866    0.9866       224
