              precision    recall  f1-score   support

           0     1.0000    0.9804    0.9901        51
           1     1.0000    1.0000    1.0000        27
           2     0.9636    1.0000    0.9815        53
           3     0.9667    1.0000    0.9831        29
           4     1.0000    1.0000    1.0000        39
           5     0.9922    0.9922    0.9922       129
           6     1.0000    0.9808    0.9903        52
           7     0.9945    1.0000    0.9972       181
           8     1.0000    0.9778    0.9888        90
           9     0.9802    0.9900    0.9851       100
          10     0.9918    1.0000    0.9959       121
          11     1.0000    1.0000    1.0000        68
          12     1.0000    0.9891    0.9945        92
          13     1.0000    0.9885    0.9942        87

    accuracy                         0.9929      1119
   macro avg     0.9921    0.9928    0.9923      1119
weighted avg     0.9930    0.9929    0.9929      1119
