              precision    recall  f1-score   support

           0     0.9091    1.0000    0.9524        10
           1     1.0000    0.6667    0.8000         6
           2     1.0000    1.0000    1.0000        10
           3     0.6250    1.0000    0.7692         5
           4     1.0000    1.0000    1.0000         8
           5     1.0000    1.0000    1.0000        26
           6     0.9091    1.0000    0.9524        10
           7     1.0000    0.9730    0.9863        37
           8     0.9444    0.9444    0.9444        18
           9     0.9474    0.9000    0.9231        20
          10     0.9600    1.0000    0.9796        24
          11     1.0000    0.9286    0.9630        14
          12     1.0000    1.0000    1.0000        18
          13     1.0000    0.9444    0.9714        18

    accuracy                         0.9643       224
   macro avg     0.9496    0.9541    0.9458       224
weighted avg     0.9701    0.9643    0.9648       224
