              precision    recall  f1-score   support

           0     1.0000    0.9091    0.9524        11
           1     0.8333    1.0000    0.9091         5
           2     0.9091    0.9091    0.9091        11
           3     1.0000    1.0000    1.0000         6
           4     0.8750    1.0000    0.9333         7
           5     0.8929    1.0000    0.9434        25
           6     1.0000    0.8182    0.9000        11
           7     1.0000    1.0000    1.0000        36
           8     1.0000    0.9444    0.9714        18
           9     0.9524    1.0000    0.9756        20
          10     0.9231    1.0000    0.9600        24
          11     0.9333    1.0000    0.9655        14
          12     1.0000    0.8333    0.9091        18
          13     1.0000    0.8824    0.9375        17

    accuracy                         0.9552       223
   macro avg     0.9514    0.9497    0.9476       223
weighted avg     0.9591    0.9552    0.9547       223
