              precision    recall  f1-score   support

           0     1.0000    0.9091    0.9524        11
           1     0.8333    1.0000    0.9091         5
           2     0.8333    0.9091    0.8696        11
           3     0.8571    1.0000    0.9231         6
           4     1.0000    1.0000    1.0000         7
           5     0.9615    1.0000    0.9804        25
           6     1.0000    0.7273    0.8421        11
           7     0.9714    0.9444    0.9577        36
           8     0.8500    0.9444    0.8947        18
           9     0.9500    0.9500    0.9500        20
          10     0.9600    1.0000    0.9796        24
          11     0.8750    1.0000    0.9333        14
          12     1.0000    0.8333    0.9091        18
          13     1.0000    0.9412    0.9697        17

    accuracy                         0.9417       223
   macro avg     0.9351    0.9399    0.9336       223
weighted avg     0.9465    0.9417    0.9413       223
