              precision    recall  f1-score   support

           0     1.0000    1.0000    1.0000        10
           1     1.0000    0.8333    0.9091         6
           2     1.0000    1.0000    1.0000        10
           3     0.7500    1.0000    0.8571         6
           4     1.0000    0.8750    0.9333         8
           5     1.0000    0.9615    0.9804        26
           6     1.0000    1.0000    1.0000        10
           7     1.0000    1.0000    1.0000        36
           8     0.9474    1.0000    0.9730        18
           9     1.0000    0.9000    0.9474        20
          10     1.0000    1.0000    1.0000        25
          11     1.0000    1.0000    1.0000        14
          12     0.9474    1.0000    0.9730        18
          13     0.9444    1.0000    0.9714        17

    accuracy                         0.9777       224
   macro avg     0.9707    0.9693    0.9675       224
weighted avg     0.9806    0.9777    0.9779       224
