              precision    recall  f1-score   support

           0     1.0000    1.0000    1.0000        10
           1     1.0000    1.0000    1.0000         5
           2     1.0000    1.0000    1.0000        11
           3     1.0000    1.0000    1.0000         6
           4     1.0000    1.0000    1.0000         8
           5     1.0000    0.9615    0.9804        26
           6     1.0000    1.0000    1.0000        11
           7     0.9474    1.0000    0.9730        36
           8     0.9444    0.9444    0.9444        18
           9     1.0000    0.9500    0.9744        20
          10     1.0000    1.0000    1.0000        24
          11     1.0000    1.0000    1.0000        13
          12     0.9474    0.9474    0.9474        19
          13     1.0000    1.0000    1.0000        17

    accuracy                         0.9821       224
   macro avg     0.9885    0.9860    0.9871       224
weighted avg     0.9826    0.9821    0.9822       224
