              precision    recall  f1-score   support

           0     1.0000    1.0000    1.0000        10
           1     1.0000    0.8000    0.8889         5
           2     1.0000    1.0000    1.0000        11
           3     0.8571    1.0000    0.9231         6
           4     1.0000    1.0000    1.0000         8
           5     0.9615    0.9615    0.9615        26
           6     1.0000    1.0000    1.0000        11
           7     0.9730    1.0000    0.9863        36
           8     0.9375    0.8333    0.8824        18
           9     1.0000    1.0000    1.0000        20
          10     0.9600    1.0000    0.9796        24
          11     1.0000    1.0000    1.0000        13
          12     0.9474    0.9474    0.9474        19
          13     1.0000    1.0000    1.0000        17

    accuracy                         0.9732       224
   macro avg     0.9740    0.9673    0.9692       224
weighted avg     0.9736    0.9732    0.9727       224
