              precision    recall  f1-score   support

           0     1.0000    0.8182    0.9000        11
           1     1.0000    1.0000    1.0000         5
           2     0.7692    0.9091    0.8333        11
           3     1.0000    1.0000    1.0000         6
           4     0.8750    1.0000    0.9333         7
           5     0.8889    0.9600    0.9231        25
           6     1.0000    0.9091    0.9524        11
           7     0.9394    0.8611    0.8986        36
           8     0.6538    0.9444    0.7727        18
           9     0.7143    0.7500    0.7317        20
          10     0.9565    0.9167    0.9362        24
          11     0.7778    1.0000    0.8750        14
          12     1.0000    0.7778    0.8750        18
          13     0.9000    0.5294    0.6667        17

    accuracy                         0.8655       223
   macro avg     0.8911    0.8840    0.8784       223
weighted avg     0.8826    0.8655    0.8648       223
