              precision    recall  f1-score   support

           0     1.0000    1.0000    1.0000        10
           1     1.0000    1.0000    1.0000         6
           2     1.0000    1.0000    1.0000        10
           3     1.0000    1.0000    1.0000         5
           4     1.0000    1.0000    1.0000         8
           5     1.0000    1.0000    1.0000        26
           6     1.0000    1.0000    1.0000        10
           7     0.9737    1.0000    0.9867        37
           8     0.9444    0.9444    0.9444        18
           9     0.9500    0.9500    0.9500        20
          10     0.9600    1.0000    0.9796        24
          11     1.0000    0.9286    0.9630        14
          12     1.0000    1.0000    1.0000        18
          13     1.0000    0.9444    0.9714        18

    accuracy                         0.9821       224
   macro avg     0.9877    0.9834    0.9854       224
weighted avg     0.9824    0.9821    0.9821       224
