              precision    recall  f1-score   support

           0     1.0000    0.9000    0.9474        10
           1     0.8000    0.8000    0.8000         5
           2     0.9167    1.0000    0.9565        11
           3     1.0000    0.8333    0.9091         6
           4     0.8889    1.0000    0.9412         8
           5     1.0000    1.0000    1.0000        26
           6     0.9167    1.0000    0.9565        11
           7     1.0000    0.9167    0.9565        36
           8     0.7895    0.8333    0.8108        18
           9     0.8696    1.0000    0.9302        20
          10     1.0000    1.0000    1.0000        24
          11     0.9286    1.0000    0.9630        13
          12     0.8571    0.9474    0.9000        19
          13     1.0000    0.7059    0.8276        17

    accuracy                         0.9330       224
   macro avg     0.9262    0.9240    0.9213       224
weighted avg     0.9386    0.9330    0.9322       224
