              precision    recall  f1-score   support

           0     0.0000    0.0000    0.0000        51
           1     0.0000    0.0000    0.0000        27
           2     0.0000    0.0000    0.0000        53
           3     0.0000    0.0000    0.0000        29
           4     0.0000    0.0000    0.0000        39
           5     0.0000    0.0000    0.0000       129
           6     0.0000    0.0000    0.0000        52
           7     0.1618    1.0000    0.2785       181
           8     0.0000    0.0000    0.0000        90
           9     0.0000    0.0000    0.0000       100
          10     0.0000    0.0000    0.0000       121
          11     0.0000    0.0000    0.0000        68
          12     0.0000    0.0000    0.0000        92
          13     0.0000    0.0000    0.0000        87

    accuracy                         0.1618      1119
   macro avg     0.0116    0.0714    0.0199      1119
weighted avg     0.0262    0.1618    0.0450      1119
