              precision    recall  f1-score   support

           0     0.0000    0.0000    0.0000        10
           1     0.0000    0.0000    0.0000         6
           2     0.0000    0.0000    0.0000        10
           3     0.0000    0.0000    0.0000         5
           4     0.0000    0.0000    0.0000         8
           5     0.0000    0.0000    0.0000        26
           6     0.0000    0.0000    0.0000        10
           7     0.1652    1.0000    0.2835        37
           8     0.0000    0.0000    0.0000        18
           9     0.0000    0.0000    0.0000        20
          10     0.0000    0.0000    0.0000        24
          11     0.0000    0.0000    0.0000        14
          12     0.0000    0.0000    0.0000        18
          13     0.0000    0.0000    0.0000        18

    accuracy                         0.1652       224
   macro avg     0.0118    0.0714    0.0203       224
weighted avg     0.0273    0.1652    0.0468       224
