              precision    recall  f1-score   support

           0     0.6000    0.6000    0.6000        10
           1     0.7500    0.5000    0.6000         6
           2     0.6667    0.6000    0.6316        10
           3     0.5000    0.4000    0.4444         5
           4     0.7500    0.7500    0.7500         8
           5     0.8276    0.9231    0.8727        26
           6     0.9000    0.9000    0.9000        10
           7     0.8333    0.8108    0.8219        37
           8     0.6364    0.7778    0.7000        18
           9     0.7619    0.8000    0.7805        20
          10     0.6552    0.7917    0.7170        24
          11     0.9286    0.9286    0.9286        14
          12     0.8333    0.5556    0.6667        18
          13     0.7500    0.6667    0.7059        18

    accuracy                         0.7589       224
   macro avg     0.7424    0.7146    0.7228       224
weighted avg     0.7631    0.7589    0.7561       224
