              precision    recall  f1-score   support

           0     0.6000    0.3000    0.4000        10
           1     0.6000    0.5000    0.5455         6
           2     0.5714    0.4000    0.4706        10
           3     0.3333    0.5000    0.4000         6
           4     1.0000    0.8750    0.9333         8
           5     1.0000    0.9231    0.9600        26
           6     0.8000    0.8000    0.8000        10
           7     0.9375    0.8333    0.8824        36
           8     0.7778    0.7778    0.7778        18
           9     0.6400    0.8000    0.7111        20
          10     0.7500    0.9600    0.8421        25
          11     0.9333    1.0000    0.9655        14
          12     0.7647    0.7222    0.7429        18
          13     0.6667    0.7059    0.6857        17

    accuracy                         0.7812       224
   macro avg     0.7411    0.7212    0.7226       224
weighted avg     0.7892    0.7812    0.7785       224
